Entity,Code,Year,m_Underweight (%),m_Healthy (%),m_Overweight or Obese (%)
Afghanistan,AFG,1975,29.5,63.4,7.1
Afghanistan,AFG,1976,29.4,63.4,7.1
Afghanistan,AFG,1977,29.3,63.5,7.2
Afghanistan,AFG,1978,29.1,63.6,7.3
Afghanistan,AFG,1979,29,63.7,7.3
Afghanistan,AFG,1980,28.8,63.7,7.4
Afghanistan,AFG,1981,28.7,63.8,7.5
Afghanistan,AFG,1982,28.4,63.9,7.7
Afghanistan,AFG,1983,28.2,64,7.8
Afghanistan,AFG,1984,27.9,64,8
Afghanistan,AFG,1985,27.7,64.1,8.2
Afghanistan,AFG,1986,27.4,64.2,8.4
Afghanistan,AFG,1987,27.2,64.2,8.6
Afghanistan,AFG,1988,26.9,64.3,8.8
Afghanistan,AFG,1989,26.7,64.3,9
Afghanistan,AFG,1990,26.5,64.4,9.1
Afghanistan,AFG,1991,26.3,64.5,9.2
Afghanistan,AFG,1992,26.1,64.6,9.3
Afghanistan,AFG,1993,25.9,64.8,9.3
Afghanistan,AFG,1994,25.7,65,9.3
Afghanistan,AFG,1995,25.5,65.2,9.4
Afghanistan,AFG,1996,25.2,65.4,9.4
Afghanistan,AFG,1997,25,65.5,9.5
Afghanistan,AFG,1998,24.8,65.7,9.5
Afghanistan,AFG,1999,24.5,65.9,9.6
Afghanistan,AFG,2000,24.3,66,9.7
Afghanistan,AFG,2001,24.1,66.2,9.8
Afghanistan,AFG,2002,23.8,66.2,9.9
Afghanistan,AFG,2003,23.6,66.3,10.1
Afghanistan,AFG,2004,23.4,66.4,10.2
Afghanistan,AFG,2005,23.2,66.4,10.4
Afghanistan,AFG,2006,23,66.4,10.6
Afghanistan,AFG,2007,22.7,66.4,10.9
Afghanistan,AFG,2008,22.5,66.4,11.1
Afghanistan,AFG,2009,22.3,66.3,11.4
Afghanistan,AFG,2010,22,66.2,11.7
Afghanistan,AFG,2011,21.8,66.1,12.1
Afghanistan,AFG,2012,21.5,66,12.5
Afghanistan,AFG,2013,21.3,65.9,12.9
Afghanistan,AFG,2014,21,65.7,13.2
Albania,ALB,1975,2.6,63.7,33.6
Albania,ALB,1976,2.6,63.4,34
Albania,ALB,1977,2.5,63,34.5
Albania,ALB,1978,2.4,62.7,34.9
Albania,ALB,1979,2.4,62.3,35.3
Albania,ALB,1980,2.3,62,35.7
Albania,ALB,1981,2.3,61.7,36.1
Albania,ALB,1982,2.2,61.3,36.4
Albania,ALB,1983,2.2,61,36.9
Albania,ALB,1984,2.1,60.6,37.2
Albania,ALB,1985,2.1,60.3,37.6
Albania,ALB,1986,2,60,38
Albania,ALB,1987,2,59.6,38.4
Albania,ALB,1988,1.9,59.3,38.7
Albania,ALB,1989,1.9,59,39.1
Albania,ALB,1990,1.9,58.7,39.5
Albania,ALB,1991,1.8,58.5,39.6
Albania,ALB,1992,1.8,58.4,39.8
Albania,ALB,1993,1.7,58.1,40.2
Albania,ALB,1994,1.7,57.6,40.7
Albania,ALB,1995,1.6,57,41.3
Albania,ALB,1996,1.6,56.3,42.1
Albania,ALB,1997,1.5,55.6,42.8
Albania,ALB,1998,1.4,54.9,43.7
Albania,ALB,1999,1.4,54,44.6
Albania,ALB,2000,1.3,53.2,45.5
Albania,ALB,2001,1.3,52.3,46.5
Albania,ALB,2002,1.2,51.4,47.4
Albania,ALB,2003,1.1,50.6,48.3
Albania,ALB,2004,1.1,49.7,49.2
Albania,ALB,2005,1,48.9,50.1
Albania,ALB,2006,1,48,51
Albania,ALB,2007,0.9,47.1,52
Albania,ALB,2008,0.9,46.2,52.9
Albania,ALB,2009,0.8,45.3,53.9
Albania,ALB,2010,0.8,44.4,54.8
Albania,ALB,2011,0.7,43.5,55.8
Albania,ALB,2012,0.7,42.7,56.7
Albania,ALB,2013,0.6,41.8,57.5
Albania,ALB,2014,0.6,41,58.4
Algeria,DZA,1975,12.4,61.7,25.9
Algeria,DZA,1976,12.2,61.5,26.3
Algeria,DZA,1977,12,61.2,26.8
Algeria,DZA,1978,11.8,60.8,27.4
Algeria,DZA,1979,11.6,60.5,28
Algeria,DZA,1980,11.4,60.1,28.6
Algeria,DZA,1981,11.1,59.6,29.2
Algeria,DZA,1982,10.9,59.1,30
Algeria,DZA,1983,10.7,58.6,30.7
Algeria,DZA,1984,10.4,58.1,31.5
Algeria,DZA,1985,10.2,57.6,32.2
Algeria,DZA,1986,10,57.1,32.9
Algeria,DZA,1987,9.7,56.6,33.6
Algeria,DZA,1988,9.5,56.2,34.2
Algeria,DZA,1989,9.3,55.8,34.9
Algeria,DZA,1990,9.2,55.4,35.5
Algeria,DZA,1991,9,55,36.1
Algeria,DZA,1992,8.8,54.6,36.6
Algeria,DZA,1993,8.6,54.2,37.2
Algeria,DZA,1994,8.5,53.8,37.7
Algeria,DZA,1995,8.3,53.5,38.3
Algeria,DZA,1996,8.1,53.1,38.8
Algeria,DZA,1997,7.9,52.8,39.3
Algeria,DZA,1998,7.8,52.4,39.8
Algeria,DZA,1999,7.6,52.1,40.4
Algeria,DZA,2000,7.4,51.7,40.9
Algeria,DZA,2001,7.2,51.3,41.5
Algeria,DZA,2002,7,50.9,42.1
Algeria,DZA,2003,6.8,50.4,42.8
Algeria,DZA,2004,6.6,49.9,43.5
Algeria,DZA,2005,6.4,49.4,44.3
Algeria,DZA,2006,6.1,48.8,45.1
Algeria,DZA,2007,5.9,48.2,45.9
Algeria,DZA,2008,5.6,47.6,46.7
Algeria,DZA,2009,5.4,47.1,47.5
Algeria,DZA,2010,5.2,46.5,48.3
Algeria,DZA,2011,5,45.9,49.1
Algeria,DZA,2012,4.8,45.3,49.9
Algeria,DZA,2013,4.6,44.7,50.7
Algeria,DZA,2014,4.4,44.1,51.5
American Samoa,ASM,1975,0.5,34.4,65.1
American Samoa,ASM,1976,0.5,33.8,65.7
American Samoa,ASM,1977,0.5,33.3,66.2
American Samoa,ASM,1978,0.5,32.7,66.8
American Samoa,ASM,1979,0.5,32.2,67.4
American Samoa,ASM,1980,0.4,31.7,67.8
American Samoa,ASM,1981,0.4,31.3,68.3
American Samoa,ASM,1982,0.4,30.8,68.8
American Samoa,ASM,1983,0.4,30.4,69.2
American Samoa,ASM,1984,0.4,29.9,69.7
American Samoa,ASM,1985,0.4,29.5,70.2
American Samoa,ASM,1986,0.3,29,70.6
American Samoa,ASM,1987,0.3,28.6,71.1
American Samoa,ASM,1988,0.3,28.1,71.6
American Samoa,ASM,1989,0.3,27.6,72.1
American Samoa,ASM,1990,0.3,27.1,72.6
American Samoa,ASM,1991,0.3,26.6,73.1
American Samoa,ASM,1992,0.3,26.2,73.5
American Samoa,ASM,1993,0.3,25.8,74
American Samoa,ASM,1994,0.3,25.3,74.4
American Samoa,ASM,1995,0.3,24.9,74.8
American Samoa,ASM,1996,0.2,24.5,75.2
American Samoa,ASM,1997,0.2,24.1,75.6
American Samoa,ASM,1998,0.2,23.8,76
American Samoa,ASM,1999,0.2,23.5,76.3
American Samoa,ASM,2000,0.2,23.1,76.7
American Samoa,ASM,2001,0.2,22.8,77
American Samoa,ASM,2002,0.2,22.5,77.3
American Samoa,ASM,2003,0.2,22.2,77.6
American Samoa,ASM,2004,0.2,21.9,77.9
American Samoa,ASM,2005,0.2,21.7,78.2
American Samoa,ASM,2006,0.2,21.4,78.4
American Samoa,ASM,2007,0.2,21.2,78.7
American Samoa,ASM,2008,0.2,20.9,78.9
American Samoa,ASM,2009,0.2,20.7,79.1
American Samoa,ASM,2010,0.1,20.5,79.4
American Samoa,ASM,2011,0.1,20.3,79.6
American Samoa,ASM,2012,0.1,20,79.8
American Samoa,ASM,2013,0.1,19.8,80
American Samoa,ASM,2014,0.1,19.6,80.3
Andorra,AND,1975,2.1,51.2,46.7
Andorra,AND,1976,2,50.4,47.6
Andorra,AND,1977,1.9,49.7,48.4
Andorra,AND,1978,1.8,48.9,49.3
Andorra,AND,1979,1.7,48.2,50.1
Andorra,AND,1980,1.6,47.5,50.9
Andorra,AND,1981,1.6,46.9,51.6
Andorra,AND,1982,1.5,46.3,52.2
Andorra,AND,1983,1.4,45.7,52.9
Andorra,AND,1984,1.4,45.1,53.5
Andorra,AND,1985,1.3,44.5,54.2
Andorra,AND,1986,1.3,44,54.8
Andorra,AND,1987,1.2,43.4,55.4
Andorra,AND,1988,1.2,42.8,56
Andorra,AND,1989,1.1,42.2,56.7
Andorra,AND,1990,1.1,41.6,57.4
Andorra,AND,1991,1,41,58
Andorra,AND,1992,1,40.4,58.6
Andorra,AND,1993,0.9,39.9,59.2
Andorra,AND,1994,0.9,39.4,59.7
Andorra,AND,1995,0.9,38.9,60.2
Andorra,AND,1996,0.8,38.3,60.9
Andorra,AND,1997,0.8,37.7,61.5
Andorra,AND,1998,0.7,37,62.2
Andorra,AND,1999,0.7,36.4,62.9
Andorra,AND,2000,0.7,35.7,63.6
Andorra,AND,2001,0.6,35.1,64.3
Andorra,AND,2002,0.6,34.4,64.9
Andorra,AND,2003,0.6,33.8,65.6
Andorra,AND,2004,0.6,33.2,66.2
Andorra,AND,2005,0.5,32.7,66.8
Andorra,AND,2006,0.5,32.1,67.3
Andorra,AND,2007,0.5,31.7,67.8
Andorra,AND,2008,0.5,31.3,68.2
Andorra,AND,2009,0.5,31,68.5
Andorra,AND,2010,0.4,30.7,68.8
Andorra,AND,2011,0.4,30.5,69.1
Andorra,AND,2012,0.4,30.3,69.3
Andorra,AND,2013,0.4,30.1,69.5
Andorra,AND,2014,0.4,29.9,69.7
Angola,AGO,1975,22.6,69.2,8.2
Angola,AGO,1976,22.7,69.1,8.2
Angola,AGO,1977,22.7,69,8.3
Angola,AGO,1978,22.7,68.9,8.4
Angola,AGO,1979,22.7,68.8,8.5
Angola,AGO,1980,22.7,68.7,8.6
Angola,AGO,1981,22.7,68.6,8.7
Angola,AGO,1982,22.7,68.5,8.8
Angola,AGO,1983,22.7,68.4,8.9
Angola,AGO,1984,22.6,68.3,9.1
Angola,AGO,1985,22.5,68.2,9.3
Angola,AGO,1986,22.4,68.1,9.5
Angola,AGO,1987,22.3,68.1,9.7
Angola,AGO,1988,22.1,68,9.9
Angola,AGO,1989,22,67.9,10.1
Angola,AGO,1990,21.9,67.9,10.3
Angola,AGO,1991,21.7,67.8,10.5
Angola,AGO,1992,21.7,67.7,10.6
Angola,AGO,1993,21.6,67.7,10.6
Angola,AGO,1994,21.6,67.8,10.6
Angola,AGO,1995,21.6,67.7,10.7
Angola,AGO,1996,21.6,67.7,10.7
Angola,AGO,1997,21.6,67.6,10.8
Angola,AGO,1998,21.6,67.5,10.9
Angola,AGO,1999,21.5,67.4,11.1
Angola,AGO,2000,21.4,67.3,11.2
Angola,AGO,2001,21.4,67.2,11.5
Angola,AGO,2002,21.2,67,11.7
Angola,AGO,2003,21.1,66.9,12.1
Angola,AGO,2004,20.9,66.7,12.4
Angola,AGO,2005,20.6,66.5,12.9
Angola,AGO,2006,20.4,66.3,13.4
Angola,AGO,2007,20.1,66,14
Angola,AGO,2008,19.8,65.6,14.6
Angola,AGO,2009,19.4,65.3,15.3
Angola,AGO,2010,19.1,65,15.9
Angola,AGO,2011,18.7,64.7,16.6
Angola,AGO,2012,18.4,64.3,17.3
Angola,AGO,2013,18,64,18
Angola,AGO,2014,17.7,63.7,18.6
Antigua and Barbuda,ATG,1975,9.3,63.7,27
Antigua and Barbuda,ATG,1976,9.1,63.6,27.3
Antigua and Barbuda,ATG,1977,8.9,63.5,27.5
Antigua and Barbuda,ATG,1978,8.8,63.4,27.8
Antigua and Barbuda,ATG,1979,8.6,63.3,28.1
Antigua and Barbuda,ATG,1980,8.5,63.1,28.5
Antigua and Barbuda,ATG,1981,8.3,62.8,28.9
Antigua and Barbuda,ATG,1982,8.1,62.5,29.4
Antigua and Barbuda,ATG,1983,7.9,62.2,30
Antigua and Barbuda,ATG,1984,7.7,61.7,30.6
Antigua and Barbuda,ATG,1985,7.4,61.2,31.3
Antigua and Barbuda,ATG,1986,7.1,60.7,32.2
Antigua and Barbuda,ATG,1987,6.9,60.1,33.1
Antigua and Barbuda,ATG,1988,6.6,59.4,34
Antigua and Barbuda,ATG,1989,6.3,58.7,34.9
Antigua and Barbuda,ATG,1990,6.1,58,35.9
Antigua and Barbuda,ATG,1991,5.8,57.3,36.8
Antigua and Barbuda,ATG,1992,5.6,56.7,37.7
Antigua and Barbuda,ATG,1993,5.4,56,38.5
Antigua and Barbuda,ATG,1994,5.2,55.5,39.3
Antigua and Barbuda,ATG,1995,5.1,55,39.9
Antigua and Barbuda,ATG,1996,5,54.6,40.4
Antigua and Barbuda,ATG,1997,4.8,54.2,40.9
Antigua and Barbuda,ATG,1998,4.7,53.8,41.4
Antigua and Barbuda,ATG,1999,4.6,53.5,41.9
Antigua and Barbuda,ATG,2000,4.5,53.1,42.4
Antigua and Barbuda,ATG,2001,4.4,52.7,42.9
Antigua and Barbuda,ATG,2002,4.3,52.3,43.4
Antigua and Barbuda,ATG,2003,4.2,51.9,43.9
Antigua and Barbuda,ATG,2004,4,51.4,44.6
Antigua and Barbuda,ATG,2005,3.9,50.8,45.3
Antigua and Barbuda,ATG,2006,3.7,50,46.2
Antigua and Barbuda,ATG,2007,3.5,49.2,47.2
Antigua and Barbuda,ATG,2008,3.4,48.4,48.2
Antigua and Barbuda,ATG,2009,3.2,47.7,49.1
Antigua and Barbuda,ATG,2010,3.1,47,49.9
Antigua and Barbuda,ATG,2011,3,46.3,50.7
Antigua and Barbuda,ATG,2012,2.8,45.6,51.5
Antigua and Barbuda,ATG,2013,2.7,44.9,52.3
Antigua and Barbuda,ATG,2014,2.6,44.2,53.2
Argentina,ARG,1975,2.2,53.8,44
Argentina,ARG,1976,2.1,53.3,44.6
Argentina,ARG,1977,2,52.9,45.1
Argentina,ARG,1978,1.9,52.4,45.6
Argentina,ARG,1979,1.8,51.9,46.2
Argentina,ARG,1980,1.8,51.4,46.8
Argentina,ARG,1981,1.7,50.9,47.4
Argentina,ARG,1982,1.6,50.5,47.9
Argentina,ARG,1983,1.6,50,48.4
Argentina,ARG,1984,1.5,49.6,48.9
Argentina,ARG,1985,1.5,49.2,49.4
Argentina,ARG,1986,1.4,48.7,49.9
Argentina,ARG,1987,1.4,48.3,50.3
Argentina,ARG,1988,1.3,47.9,50.8
Argentina,ARG,1989,1.3,47.6,51.2
Argentina,ARG,1990,1.3,47.2,51.5
Argentina,ARG,1991,1.2,46.8,52
Argentina,ARG,1992,1.2,46.3,52.5
Argentina,ARG,1993,1.1,45.7,53.1
Argentina,ARG,1994,1.1,45.1,53.8
Argentina,ARG,1995,1,44.5,54.4
Argentina,ARG,1996,1,43.9,55.1
Argentina,ARG,1997,0.9,43.3,55.8
Argentina,ARG,1998,0.9,42.6,56.5
Argentina,ARG,1999,0.9,42,57.1
Argentina,ARG,2000,0.8,41.4,57.8
Argentina,ARG,2001,0.8,40.9,58.4
Argentina,ARG,2002,0.7,40.4,58.8
Argentina,ARG,2003,0.7,40,59.3
Argentina,ARG,2004,0.7,39.5,59.8
Argentina,ARG,2005,0.6,38.9,60.4
Argentina,ARG,2006,0.6,38.4,61
Argentina,ARG,2007,0.6,37.7,61.7
Argentina,ARG,2008,0.6,37.1,62.4
Argentina,ARG,2009,0.5,36.4,63.1
Argentina,ARG,2010,0.5,35.7,63.8
Argentina,ARG,2011,0.5,34.9,64.6
Argentina,ARG,2012,0.5,34.3,65.3
Argentina,ARG,2013,0.4,33.6,66
Argentina,ARG,2014,0.4,33,66.6
Armenia,ARM,1975,6.4,63,30.7
Armenia,ARM,1976,6.1,62.7,31.2
Armenia,ARM,1977,5.9,62.4,31.7
Armenia,ARM,1978,5.7,62.1,32.2
Armenia,ARM,1979,5.5,61.7,32.7
Armenia,ARM,1980,5.3,61.4,33.3
Armenia,ARM,1981,5.2,61.1,33.8
Armenia,ARM,1982,5,60.7,34.3
Armenia,ARM,1983,4.8,60.4,34.8
Armenia,ARM,1984,4.7,60.1,35.3
Armenia,ARM,1985,4.5,59.7,35.8
Armenia,ARM,1986,4.4,59.4,36.2
Armenia,ARM,1987,4.2,59.1,36.7
Armenia,ARM,1988,4.1,58.8,37.1
Armenia,ARM,1989,3.9,58.5,37.6
Armenia,ARM,1990,3.8,58.2,38
Armenia,ARM,1991,3.7,58,38.3
Armenia,ARM,1992,3.7,58.1,38.2
Armenia,ARM,1993,3.6,58.3,38.1
Armenia,ARM,1994,3.5,58.4,38.1
Armenia,ARM,1995,3.4,58.4,38.2
Armenia,ARM,1996,3.4,58.3,38.4
Armenia,ARM,1997,3.3,58.1,38.7
Armenia,ARM,1998,3.2,57.8,39
Armenia,ARM,1999,3.1,57.5,39.4
Armenia,ARM,2000,3,57.1,39.9
Armenia,ARM,2001,2.9,56.6,40.6
Armenia,ARM,2002,2.7,56,41.3
Armenia,ARM,2003,2.6,55.2,42.2
Armenia,ARM,2004,2.5,54.3,43.2
Armenia,ARM,2005,2.4,53.3,44.3
Armenia,ARM,2006,2.2,52.3,45.5
Armenia,ARM,2007,2.1,51.1,46.8
Armenia,ARM,2008,1.9,49.9,48.2
Armenia,ARM,2009,1.8,48.8,49.4
Armenia,ARM,2010,1.7,47.8,50.5
Armenia,ARM,2011,1.6,46.7,51.7
Armenia,ARM,2012,1.5,45.7,52.8
Armenia,ARM,2013,1.4,44.8,53.9
Armenia,ARM,2014,1.3,43.8,54.9
Australia,AUS,1975,1.8,52.6,45.7
Australia,AUS,1976,1.7,52,46.4
Australia,AUS,1977,1.6,51.3,47.1
Australia,AUS,1978,1.5,50.7,47.9
Australia,AUS,1979,1.4,50,48.6
Australia,AUS,1980,1.3,49.4,49.3
Australia,AUS,1981,1.2,48.8,49.9
Australia,AUS,1982,1.2,48.3,50.6
Australia,AUS,1983,1.1,47.7,51.2
Australia,AUS,1984,1.1,47.2,51.7
Australia,AUS,1985,1,46.6,52.3
Australia,AUS,1986,1,46.1,52.9
Australia,AUS,1987,1,45.6,53.4
Australia,AUS,1988,0.9,45.1,53.9
Australia,AUS,1989,0.9,44.6,54.5
Australia,AUS,1990,0.9,44,55.1
Australia,AUS,1991,0.9,43.5,55.7
Australia,AUS,1992,0.8,42.9,56.3
Australia,AUS,1993,0.8,42.3,56.9
Australia,AUS,1994,0.8,41.7,57.5
Australia,AUS,1995,0.8,41,58.2
Australia,AUS,1996,0.7,40.4,58.8
Australia,AUS,1997,0.7,39.8,59.5
Australia,AUS,1998,0.7,39.2,60.1
Australia,AUS,1999,0.7,38.6,60.8
Australia,AUS,2000,0.7,37.9,61.4
Australia,AUS,2001,0.6,37.3,62
Australia,AUS,2002,0.6,36.7,62.6
Australia,AUS,2003,0.6,36.2,63.2
Australia,AUS,2004,0.6,35.6,63.8
Australia,AUS,2005,0.6,35,64.4
Australia,AUS,2006,0.6,34.5,65
Australia,AUS,2007,0.5,33.9,65.6
Australia,AUS,2008,0.5,33.3,66.2
Australia,AUS,2009,0.5,32.7,66.8
Australia,AUS,2010,0.5,32.1,67.4
Australia,AUS,2011,0.5,31.6,67.9
Australia,AUS,2012,0.5,31.1,68.5
Australia,AUS,2013,0.5,30.5,69
Australia,AUS,2014,0.4,30,69.6
Austria,AUT,1975,2.7,58.2,39.1
Austria,AUT,1976,2.6,57.5,39.9
Austria,AUT,1977,2.5,56.8,40.7
Austria,AUT,1978,2.3,56.2,41.5
Austria,AUT,1979,2.2,55.5,42.3
Austria,AUT,1980,2.1,54.8,43.1
Austria,AUT,1981,2,54.1,43.9
Austria,AUT,1982,1.9,53.4,44.7
Austria,AUT,1983,1.8,52.7,45.5
Austria,AUT,1984,1.8,52,46.2
Austria,AUT,1985,1.7,51.3,47
Austria,AUT,1986,1.6,50.6,47.7
Austria,AUT,1987,1.6,50,48.4
Austria,AUT,1988,1.5,49.4,49.1
Austria,AUT,1989,1.5,48.8,49.7
Austria,AUT,1990,1.4,48.2,50.4
Austria,AUT,1991,1.4,47.7,51
Austria,AUT,1992,1.3,47.1,51.6
Austria,AUT,1993,1.3,46.6,52.2
Austria,AUT,1994,1.2,46,52.7
Austria,AUT,1995,1.2,45.5,53.3
Austria,AUT,1996,1.1,45,53.9
Austria,AUT,1997,1.1,44.5,54.4
Austria,AUT,1998,1.1,43.9,55
Austria,AUT,1999,1,43.4,55.5
Austria,AUT,2000,1,42.9,56.1
Austria,AUT,2001,1,42.4,56.6
Austria,AUT,2002,0.9,42,57.1
Austria,AUT,2003,0.9,41.5,57.5
Austria,AUT,2004,0.9,41.1,58
Austria,AUT,2005,0.9,40.7,58.4
Austria,AUT,2006,0.8,40.3,58.9
Austria,AUT,2007,0.8,39.9,59.3
Austria,AUT,2008,0.8,39.4,59.8
Austria,AUT,2009,0.7,39,60.2
Austria,AUT,2010,0.7,38.6,60.7
Austria,AUT,2011,0.7,38.2,61.1
Austria,AUT,2012,0.7,37.7,61.6
Austria,AUT,2013,0.6,37.3,62
Austria,AUT,2014,0.6,36.9,62.5
Azerbaijan,AZE,1975,5.6,62.3,32.1
Azerbaijan,AZE,1976,5.4,62,32.6
Azerbaijan,AZE,1977,5.2,61.7,33.1
Azerbaijan,AZE,1978,5,61.3,33.7
Azerbaijan,AZE,1979,4.8,61,34.2
Azerbaijan,AZE,1980,4.6,60.6,34.7
Azerbaijan,AZE,1981,4.5,60.3,35.3
Azerbaijan,AZE,1982,4.3,59.9,35.8
Azerbaijan,AZE,1983,4.1,59.6,36.3
Azerbaijan,AZE,1984,4,59.2,36.8
Azerbaijan,AZE,1985,3.8,58.8,37.3
Azerbaijan,AZE,1986,3.7,58.5,37.8
Azerbaijan,AZE,1987,3.6,58.1,38.3
Azerbaijan,AZE,1988,3.5,57.7,38.8
Azerbaijan,AZE,1989,3.3,57.5,39.2
Azerbaijan,AZE,1990,3.2,57.3,39.5
Azerbaijan,AZE,1991,3.2,57.1,39.8
Azerbaijan,AZE,1992,3.1,57,39.9
Azerbaijan,AZE,1993,3,57.1,39.9
Azerbaijan,AZE,1994,3,57.3,39.7
Azerbaijan,AZE,1995,2.9,57.6,39.5
Azerbaijan,AZE,1996,2.9,57.8,39.3
Azerbaijan,AZE,1997,2.8,57.9,39.3
Azerbaijan,AZE,1998,2.7,57.9,39.3
Azerbaijan,AZE,1999,2.7,57.8,39.5
Azerbaijan,AZE,2000,2.6,57.5,39.9
Azerbaijan,AZE,2001,2.5,57.1,40.3
Azerbaijan,AZE,2002,2.4,56.6,41
Azerbaijan,AZE,2003,2.3,55.9,41.8
Azerbaijan,AZE,2004,2.2,55.1,42.7
Azerbaijan,AZE,2005,2.1,54.1,43.8
Azerbaijan,AZE,2006,2,52.8,45.1
Azerbaijan,AZE,2007,1.9,51.5,46.6
Azerbaijan,AZE,2008,1.8,50.2,48
Azerbaijan,AZE,2009,1.7,48.9,49.4
Azerbaijan,AZE,2010,1.6,47.7,50.7
Azerbaijan,AZE,2011,1.5,46.6,51.9
Azerbaijan,AZE,2012,1.4,45.5,53
Azerbaijan,AZE,2013,1.3,44.5,54.1
Azerbaijan,AZE,2014,1.3,43.6,55.1
Bahamas,BHS,1975,9.1,57.6,33.4
Bahamas,BHS,1976,8.9,57.4,33.8
Bahamas,BHS,1977,8.7,57.2,34.2
Bahamas,BHS,1978,8.5,56.9,34.6
Bahamas,BHS,1979,8.3,56.6,35.2
Bahamas,BHS,1980,8,56.1,35.8
Bahamas,BHS,1981,7.8,55.7,36.4
Bahamas,BHS,1982,7.6,55.3,37.1
Bahamas,BHS,1983,7.4,54.8,37.9
Bahamas,BHS,1984,7.1,54.1,38.8
Bahamas,BHS,1985,6.8,53.5,39.7
Bahamas,BHS,1986,6.6,52.8,40.6
Bahamas,BHS,1987,6.3,52.2,41.5
Bahamas,BHS,1988,6,51.5,42.5
Bahamas,BHS,1989,5.8,50.8,43.4
Bahamas,BHS,1990,5.6,50.1,44.3
Bahamas,BHS,1991,5.3,49.5,45.2
Bahamas,BHS,1992,5.2,48.9,45.9
Bahamas,BHS,1993,5,48.4,46.6
Bahamas,BHS,1994,4.8,48,47.2
Bahamas,BHS,1995,4.7,47.5,47.8
Bahamas,BHS,1996,4.5,47,48.5
Bahamas,BHS,1997,4.3,46.6,49.1
Bahamas,BHS,1998,4.2,46,49.8
Bahamas,BHS,1999,4,45.5,50.5
Bahamas,BHS,2000,3.8,44.8,51.4
Bahamas,BHS,2001,3.6,44.2,52.2
Bahamas,BHS,2002,3.4,43.5,53.1
Bahamas,BHS,2003,3.2,42.9,53.9
Bahamas,BHS,2004,3.1,42.3,54.7
Bahamas,BHS,2005,2.9,41.7,55.4
Bahamas,BHS,2006,2.8,41.1,56.1
Bahamas,BHS,2007,2.6,40.6,56.8
Bahamas,BHS,2008,2.5,40.1,57.4
Bahamas,BHS,2009,2.4,39.6,58
Bahamas,BHS,2010,2.3,39.1,58.6
Bahamas,BHS,2011,2.2,38.7,59.1
Bahamas,BHS,2012,2.1,38.2,59.7
Bahamas,BHS,2013,2,37.7,60.3
Bahamas,BHS,2014,1.9,37.2,60.9
Bahrain,BHR,1975,10.5,50.8,38.7
Bahrain,BHR,1976,10.2,50.5,39.3
Bahrain,BHR,1977,9.9,50.2,39.8
Bahrain,BHR,1978,9.7,49.9,40.4
Bahrain,BHR,1979,9.4,49.6,41
Bahrain,BHR,1980,9.1,49.2,41.7
Bahrain,BHR,1981,8.8,48.8,42.3
Bahrain,BHR,1982,8.6,48.5,43
Bahrain,BHR,1983,8.3,48.1,43.7
Bahrain,BHR,1984,8,47.6,44.4
Bahrain,BHR,1985,7.7,47.2,45.1
Bahrain,BHR,1986,7.5,46.7,45.8
Bahrain,BHR,1987,7.2,46.3,46.5
Bahrain,BHR,1988,7,45.8,47.2
Bahrain,BHR,1989,6.7,45.4,47.9
Bahrain,BHR,1990,6.5,44.9,48.6
Bahrain,BHR,1991,6.3,44.4,49.3
Bahrain,BHR,1992,6.1,44,50
Bahrain,BHR,1993,5.9,43.4,50.7
Bahrain,BHR,1994,5.7,43,51.4
Bahrain,BHR,1995,5.5,42.5,52.1
Bahrain,BHR,1996,5.2,42,52.8
Bahrain,BHR,1997,5,41.5,53.5
Bahrain,BHR,1998,4.8,41,54.2
Bahrain,BHR,1999,4.6,40.5,54.9
Bahrain,BHR,2000,4.4,40,55.6
Bahrain,BHR,2001,4.2,39.4,56.3
Bahrain,BHR,2002,4,38.9,57
Bahrain,BHR,2003,3.8,38.4,57.7
Bahrain,BHR,2004,3.7,37.9,58.4
Bahrain,BHR,2005,3.5,37.4,59.1
Bahrain,BHR,2006,3.3,36.9,59.7
Bahrain,BHR,2007,3.2,36.4,60.4
Bahrain,BHR,2008,3.1,36,61
Bahrain,BHR,2009,2.9,35.5,61.6
Bahrain,BHR,2010,2.8,35.1,62.2
Bahrain,BHR,2011,2.7,34.6,62.7
Bahrain,BHR,2012,2.6,34.1,63.3
Bahrain,BHR,2013,2.4,33.6,63.9
Bahrain,BHR,2014,2.3,33.1,64.6
Bangladesh,BGD,1975,31.6,62.3,6.1
Bangladesh,BGD,1976,31.6,62.3,6.1
Bangladesh,BGD,1977,31.5,62.4,6.1
Bangladesh,BGD,1978,31.4,62.4,6.2
Bangladesh,BGD,1979,31.3,62.4,6.2
Bangladesh,BGD,1980,31.3,62.4,6.3
Bangladesh,BGD,1981,31.2,62.4,6.4
Bangladesh,BGD,1982,31.1,62.4,6.5
Bangladesh,BGD,1983,31,62.4,6.6
Bangladesh,BGD,1984,30.9,62.4,6.7
Bangladesh,BGD,1985,30.8,62.4,6.8
Bangladesh,BGD,1986,30.7,62.5,6.9
Bangladesh,BGD,1987,30.5,62.5,7
Bangladesh,BGD,1988,30.4,62.5,7.1
Bangladesh,BGD,1989,30.2,62.5,7.3
Bangladesh,BGD,1990,30.1,62.5,7.4
Bangladesh,BGD,1991,29.9,62.5,7.5
Bangladesh,BGD,1992,29.8,62.6,7.7
Bangladesh,BGD,1993,29.6,62.6,7.8
Bangladesh,BGD,1994,29.4,62.6,8
Bangladesh,BGD,1995,29.2,62.7,8.2
Bangladesh,BGD,1996,28.9,62.7,8.3
Bangladesh,BGD,1997,28.7,62.8,8.5
Bangladesh,BGD,1998,28.4,62.8,8.7
Bangladesh,BGD,1999,28.2,62.9,9
Bangladesh,BGD,2000,27.9,62.9,9.2
Bangladesh,BGD,2001,27.6,63,9.4
Bangladesh,BGD,2002,27.3,63,9.7
Bangladesh,BGD,2003,27,63,10
Bangladesh,BGD,2004,26.7,63,10.2
Bangladesh,BGD,2005,26.4,63,10.5
Bangladesh,BGD,2006,26.1,63,10.9
Bangladesh,BGD,2007,25.8,63,11.2
Bangladesh,BGD,2008,25.4,63,11.6
Bangladesh,BGD,2009,25,63,12
Bangladesh,BGD,2010,24.7,63,12.3
Bangladesh,BGD,2011,24.3,63,12.8
Bangladesh,BGD,2012,23.9,62.9,13.2
Bangladesh,BGD,2013,23.5,62.9,13.7
Bangladesh,BGD,2014,23.1,62.8,14.1
Barbados,BRB,1975,10.8,63.4,25.9
Barbados,BRB,1976,10.5,63,26.5
Barbados,BRB,1977,10.2,62.7,27.1
Barbados,BRB,1978,9.9,62.3,27.8
Barbados,BRB,1979,9.6,61.9,28.5
Barbados,BRB,1980,9.3,61.5,29.2
Barbados,BRB,1981,9,61.2,29.9
Barbados,BRB,1982,8.7,60.8,30.5
Barbados,BRB,1983,8.5,60.5,31.1
Barbados,BRB,1984,8.2,60.2,31.6
Barbados,BRB,1985,8,59.9,32.1
Barbados,BRB,1986,7.8,59.6,32.6
Barbados,BRB,1987,7.6,59.2,33.2
Barbados,BRB,1988,7.4,58.9,33.7
Barbados,BRB,1989,7.2,58.5,34.2
Barbados,BRB,1990,7.1,58.2,34.7
Barbados,BRB,1991,6.9,57.9,35.2
Barbados,BRB,1992,6.8,57.6,35.6
Barbados,BRB,1993,6.6,57.3,36.1
Barbados,BRB,1994,6.5,57,36.6
Barbados,BRB,1995,6.3,56.6,37.1
Barbados,BRB,1996,6.1,56.2,37.6
Barbados,BRB,1997,6,55.8,38.2
Barbados,BRB,1998,5.8,55.4,38.8
Barbados,BRB,1999,5.6,54.9,39.5
Barbados,BRB,2000,5.4,54.4,40.2
Barbados,BRB,2001,5.2,53.9,40.9
Barbados,BRB,2002,5,53.4,41.6
Barbados,BRB,2003,4.9,52.9,42.3
Barbados,BRB,2004,4.7,52.3,43
Barbados,BRB,2005,4.5,51.7,43.8
Barbados,BRB,2006,4.3,51.1,44.6
Barbados,BRB,2007,4.2,50.4,45.5
Barbados,BRB,2008,4,49.7,46.3
Barbados,BRB,2009,3.8,49,47.1
Barbados,BRB,2010,3.7,48.4,48
Barbados,BRB,2011,3.5,47.7,48.8
Barbados,BRB,2012,3.4,47,49.6
Barbados,BRB,2013,3.3,46.3,50.5
Barbados,BRB,2014,3.1,45.6,51.3
Belarus,BLR,1975,3,62.3,34.8
Belarus,BLR,1976,2.8,61.7,35.4
Belarus,BLR,1977,2.7,61.1,36.1
Belarus,BLR,1978,2.7,60.6,36.8
Belarus,BLR,1979,2.6,60,37.4
Belarus,BLR,1980,2.5,59.4,38.1
Belarus,BLR,1981,2.4,58.8,38.8
Belarus,BLR,1982,2.3,58.2,39.5
Belarus,BLR,1983,2.2,57.6,40.1
Belarus,BLR,1984,2.2,57.1,40.8
Belarus,BLR,1985,2.1,56.5,41.4
Belarus,BLR,1986,2.1,55.9,42
Belarus,BLR,1987,2,55.3,42.7
Belarus,BLR,1988,1.9,54.8,43.3
Belarus,BLR,1989,1.9,54.2,43.9
Belarus,BLR,1990,1.8,53.6,44.5
Belarus,BLR,1991,1.8,53.1,45.1
Belarus,BLR,1992,1.8,52.7,45.5
Belarus,BLR,1993,1.7,52.4,45.9
Belarus,BLR,1994,1.7,52.1,46.2
Belarus,BLR,1995,1.7,51.9,46.4
Belarus,BLR,1996,1.7,51.7,46.7
Belarus,BLR,1997,1.6,51.3,47.1
Belarus,BLR,1998,1.6,50.8,47.6
Belarus,BLR,1999,1.5,50.3,48.1
Belarus,BLR,2000,1.5,49.8,48.7
Belarus,BLR,2001,1.4,49.2,49.4
Belarus,BLR,2002,1.4,48.6,50
Belarus,BLR,2003,1.3,47.9,50.8
Belarus,BLR,2004,1.3,47.2,51.5
Belarus,BLR,2005,1.2,46.4,52.4
Belarus,BLR,2006,1.2,45.5,53.3
Belarus,BLR,2007,1.1,44.7,54.2
Belarus,BLR,2008,1,43.7,55.2
Belarus,BLR,2009,1,42.8,56.2
Belarus,BLR,2010,0.9,41.8,57.2
Belarus,BLR,2011,0.9,40.9,58.2
Belarus,BLR,2012,0.8,40,59.2
Belarus,BLR,2013,0.8,39.2,60
Belarus,BLR,2014,0.7,38.4,60.9
Belgium,BEL,1975,1.8,55.7,42.6
Belgium,BEL,1976,1.7,54.9,43.4
Belgium,BEL,1977,1.6,54.2,44.2
Belgium,BEL,1978,1.5,53.5,45
Belgium,BEL,1979,1.4,52.8,45.7
Belgium,BEL,1980,1.4,52.2,46.5
Belgium,BEL,1981,1.3,51.5,47.2
Belgium,BEL,1982,1.2,50.8,47.9
Belgium,BEL,1983,1.2,50.2,48.7
Belgium,BEL,1984,1.1,49.5,49.4
Belgium,BEL,1985,1.1,48.8,50.1
Belgium,BEL,1986,1,48.1,50.9
Belgium,BEL,1987,1,47.4,51.6
Belgium,BEL,1988,0.9,46.7,52.4
Belgium,BEL,1989,0.9,46,53.1
Belgium,BEL,1990,0.8,45.3,53.8
Belgium,BEL,1991,0.8,44.7,54.5
Belgium,BEL,1992,0.8,44,55.2
Belgium,BEL,1993,0.7,43.4,55.9
Belgium,BEL,1994,0.7,42.8,56.5
Belgium,BEL,1995,0.7,42.2,57.2
Belgium,BEL,1996,0.6,41.5,57.8
Belgium,BEL,1997,0.6,40.9,58.5
Belgium,BEL,1998,0.6,40.3,59.2
Belgium,BEL,1999,0.5,39.6,59.8
Belgium,BEL,2000,0.5,39,60.5
Belgium,BEL,2001,0.5,38.4,61.2
Belgium,BEL,2002,0.5,37.8,61.8
Belgium,BEL,2003,0.4,37.2,62.3
Belgium,BEL,2004,0.4,36.7,62.9
Belgium,BEL,2005,0.4,36.2,63.4
Belgium,BEL,2006,0.4,35.7,63.9
Belgium,BEL,2007,0.4,35.3,64.4
Belgium,BEL,2008,0.4,34.8,64.8
Belgium,BEL,2009,0.3,34.5,65.2
Belgium,BEL,2010,0.3,34.2,65.5
Belgium,BEL,2011,0.3,33.8,65.8
Belgium,BEL,2012,0.3,33.5,66.2
Belgium,BEL,2013,0.3,33.2,66.5
Belgium,BEL,2014,0.3,32.9,66.9
Belize,BLZ,1975,12.5,65.7,21.8
Belize,BLZ,1976,12.2,65.5,22.3
Belize,BLZ,1977,11.9,65.3,22.8
Belize,BLZ,1978,11.6,65.1,23.3
Belize,BLZ,1979,11.3,64.8,23.9
Belize,BLZ,1980,10.9,64.5,24.6
Belize,BLZ,1981,10.6,64.2,25.2
Belize,BLZ,1982,10.3,63.9,25.8
Belize,BLZ,1983,10.1,63.6,26.3
Belize,BLZ,1984,9.8,63.4,26.8
Belize,BLZ,1985,9.6,63.2,27.2
Belize,BLZ,1986,9.4,63,27.7
Belize,BLZ,1987,9.1,62.8,28.1
Belize,BLZ,1988,8.9,62.5,28.6
Belize,BLZ,1989,8.7,62.3,29
Belize,BLZ,1990,8.5,62,29.5
Belize,BLZ,1991,8.3,61.7,30
Belize,BLZ,1992,8.1,61.3,30.6
Belize,BLZ,1993,7.8,61,31.2
Belize,BLZ,1994,7.6,60.6,31.8
Belize,BLZ,1995,7.4,60.2,32.4
Belize,BLZ,1996,7.1,59.9,33
Belize,BLZ,1997,6.9,59.5,33.6
Belize,BLZ,1998,6.7,59.1,34.2
Belize,BLZ,1999,6.5,58.6,34.9
Belize,BLZ,2000,6.2,58.1,35.7
Belize,BLZ,2001,6,57.5,36.5
Belize,BLZ,2002,5.8,56.9,37.4
Belize,BLZ,2003,5.5,56.2,38.3
Belize,BLZ,2004,5.3,55.6,39.2
Belize,BLZ,2005,5.1,54.9,40
Belize,BLZ,2006,4.9,54.3,40.8
Belize,BLZ,2007,4.7,53.7,41.6
Belize,BLZ,2008,4.5,53.1,42.4
Belize,BLZ,2009,4.4,52.6,43
Belize,BLZ,2010,4.3,52,43.7
Belize,BLZ,2011,4.2,51.5,44.4
Belize,BLZ,2012,4,50.9,45
Belize,BLZ,2013,3.9,50.4,45.7
Belize,BLZ,2014,3.8,49.8,46.3
Benin,BEN,1975,16.4,75.8,7.9
Benin,BEN,1976,16.3,75.8,8
Benin,BEN,1977,16.2,75.8,8.1
Benin,BEN,1978,16.1,75.7,8.2
Benin,BEN,1979,16,75.7,8.3
Benin,BEN,1980,15.9,75.6,8.4
Benin,BEN,1981,15.9,75.5,8.6
Benin,BEN,1982,15.8,75.4,8.8
Benin,BEN,1983,15.8,75.3,8.9
Benin,BEN,1984,15.7,75.2,9.1
Benin,BEN,1985,15.7,75,9.3
Benin,BEN,1986,15.7,74.9,9.5
Benin,BEN,1987,15.6,74.8,9.6
Benin,BEN,1988,15.6,74.6,9.8
Benin,BEN,1989,15.5,74.5,9.9
Benin,BEN,1990,15.5,74.4,10.1
Benin,BEN,1991,15.4,74.4,10.2
Benin,BEN,1992,15.4,74.3,10.3
Benin,BEN,1993,15.3,74.2,10.5
Benin,BEN,1994,15.2,74.2,10.6
Benin,BEN,1995,15.1,74.1,10.8
Benin,BEN,1996,15,74,11
Benin,BEN,1997,14.8,74,11.2
Benin,BEN,1998,14.7,73.9,11.4
Benin,BEN,1999,14.5,73.8,11.7
Benin,BEN,2000,14.4,73.7,12
Benin,BEN,2001,14.2,73.6,12.2
Benin,BEN,2002,14,73.5,12.5
Benin,BEN,2003,13.8,73.4,12.8
Benin,BEN,2004,13.6,73.3,13.1
Benin,BEN,2005,13.5,73.1,13.4
Benin,BEN,2006,13.3,73,13.7
Benin,BEN,2007,13.2,72.9,13.9
Benin,BEN,2008,13,72.7,14.3
Benin,BEN,2009,12.8,72.5,14.6
Benin,BEN,2010,12.6,72.3,15
Benin,BEN,2011,12.4,72.1,15.4
Benin,BEN,2012,12.3,71.9,15.9
Benin,BEN,2013,12.1,71.6,16.3
Benin,BEN,2014,11.9,71.3,16.8
Bermuda,BMU,1975,7.4,50,42.5
Bermuda,BMU,1976,7.1,49.6,43.3
Bermuda,BMU,1977,6.9,49.1,44
Bermuda,BMU,1978,6.6,48.6,44.8
Bermuda,BMU,1979,6.3,48.1,45.5
Bermuda,BMU,1980,6.1,47.6,46.4
Bermuda,BMU,1981,5.8,47,47.2
Bermuda,BMU,1982,5.6,46.4,48
Bermuda,BMU,1983,5.4,45.8,48.8
Bermuda,BMU,1984,5.2,45.2,49.6
Bermuda,BMU,1985,4.9,44.6,50.4
Bermuda,BMU,1986,4.7,44.1,51.2
Bermuda,BMU,1987,4.5,43.5,52
Bermuda,BMU,1988,4.3,42.9,52.8
Bermuda,BMU,1989,4.1,42.3,53.5
Bermuda,BMU,1990,4,41.8,54.2
Bermuda,BMU,1991,3.8,41.4,54.8
Bermuda,BMU,1992,3.7,41,55.4
Bermuda,BMU,1993,3.5,40.5,55.9
Bermuda,BMU,1994,3.4,40.1,56.5
Bermuda,BMU,1995,3.3,39.7,57
Bermuda,BMU,1996,3.2,39.4,57.5
Bermuda,BMU,1997,3.1,39,58
Bermuda,BMU,1998,3,38.5,58.5
Bermuda,BMU,1999,2.9,38.2,59
Bermuda,BMU,2000,2.8,37.8,59.4
Bermuda,BMU,2001,2.7,37.5,59.8
Bermuda,BMU,2002,2.6,37.1,60.3
Bermuda,BMU,2003,2.5,36.7,60.8
Bermuda,BMU,2004,2.5,36.2,61.3
Bermuda,BMU,2005,2.4,35.7,61.9
Bermuda,BMU,2006,2.3,35.2,62.5
Bermuda,BMU,2007,2.2,34.6,63.2
Bermuda,BMU,2008,2.1,33.9,64
Bermuda,BMU,2009,2,33.2,64.8
Bermuda,BMU,2010,1.9,32.5,65.6
Bermuda,BMU,2011,1.8,31.8,66.4
Bermuda,BMU,2012,1.7,31,67.3
Bermuda,BMU,2013,1.6,30.3,68.1
Bermuda,BMU,2014,1.5,29.5,68.9
Bhutan,BTN,1975,23.7,69.1,7.2
Bhutan,BTN,1976,23.5,69.1,7.3
Bhutan,BTN,1977,23.4,69.2,7.4
Bhutan,BTN,1978,23.2,69.2,7.6
Bhutan,BTN,1979,23.1,69.2,7.7
Bhutan,BTN,1980,22.9,69.3,7.8
Bhutan,BTN,1981,22.7,69.3,8
Bhutan,BTN,1982,22.5,69.3,8.2
Bhutan,BTN,1983,22.3,69.3,8.4
Bhutan,BTN,1984,22.1,69.3,8.6
Bhutan,BTN,1985,21.9,69.3,8.8
Bhutan,BTN,1986,21.7,69.3,9
Bhutan,BTN,1987,21.5,69.2,9.3
Bhutan,BTN,1988,21.3,69.1,9.6
Bhutan,BTN,1989,21.1,69,9.9
Bhutan,BTN,1990,20.9,68.9,10.2
Bhutan,BTN,1991,20.6,68.9,10.5
Bhutan,BTN,1992,20.4,68.8,10.8
Bhutan,BTN,1993,20.2,68.7,11.1
Bhutan,BTN,1994,19.9,68.6,11.5
Bhutan,BTN,1995,19.6,68.6,11.8
Bhutan,BTN,1996,19.4,68.5,12.2
Bhutan,BTN,1997,19.1,68.4,12.5
Bhutan,BTN,1998,18.7,68.3,12.9
Bhutan,BTN,1999,18.4,68.3,13.3
Bhutan,BTN,2000,18.1,68.2,13.7
Bhutan,BTN,2001,17.8,68.1,14.2
Bhutan,BTN,2002,17.4,68,14.6
Bhutan,BTN,2003,17,67.8,15.1
Bhutan,BTN,2004,16.7,67.7,15.6
Bhutan,BTN,2005,16.3,67.6,16.1
Bhutan,BTN,2006,15.9,67.4,16.6
Bhutan,BTN,2007,15.5,67.2,17.2
Bhutan,BTN,2008,15.1,67,17.8
Bhutan,BTN,2009,14.7,66.8,18.5
Bhutan,BTN,2010,14.3,66.6,19.1
Bhutan,BTN,2011,13.9,66.3,19.8
Bhutan,BTN,2012,13.5,66,20.5
Bhutan,BTN,2013,13.1,65.7,21.2
Bhutan,BTN,2014,12.7,65.4,21.9
Bolivia,BOL,1975,5,69.1,25.9
Bolivia,BOL,1976,4.8,68.9,26.3
Bolivia,BOL,1977,4.6,68.5,26.8
Bolivia,BOL,1978,4.5,68.2,27.4
Bolivia,BOL,1979,4.3,67.8,27.9
Bolivia,BOL,1980,4.2,67.4,28.4
Bolivia,BOL,1981,4.1,67,28.9
Bolivia,BOL,1982,3.9,66.7,29.4
Bolivia,BOL,1983,3.8,66.3,29.8
Bolivia,BOL,1984,3.7,66,30.2
Bolivia,BOL,1985,3.7,65.7,30.6
Bolivia,BOL,1986,3.6,65.5,31
Bolivia,BOL,1987,3.5,65.2,31.4
Bolivia,BOL,1988,3.4,64.8,31.8
Bolivia,BOL,1989,3.3,64.5,32.2
Bolivia,BOL,1990,3.2,64,32.8
Bolivia,BOL,1991,3.1,63.6,33.3
Bolivia,BOL,1992,3,63.1,33.9
Bolivia,BOL,1993,2.9,62.6,34.5
Bolivia,BOL,1994,2.8,62,35.2
Bolivia,BOL,1995,2.7,61.4,35.8
Bolivia,BOL,1996,2.6,60.8,36.6
Bolivia,BOL,1997,2.5,60.2,37.3
Bolivia,BOL,1998,2.4,59.5,38
Bolivia,BOL,1999,2.3,58.9,38.7
Bolivia,BOL,2000,2.3,58.4,39.4
Bolivia,BOL,2001,2.2,57.8,40
Bolivia,BOL,2002,2.1,57.3,40.6
Bolivia,BOL,2003,2,56.7,41.3
Bolivia,BOL,2004,1.9,56.2,41.9
Bolivia,BOL,2005,1.9,55.6,42.5
Bolivia,BOL,2006,1.8,55,43.2
Bolivia,BOL,2007,1.7,54.4,43.9
Bolivia,BOL,2008,1.6,53.8,44.6
Bolivia,BOL,2009,1.6,53.1,45.3
Bolivia,BOL,2010,1.5,52.5,46
Bolivia,BOL,2011,1.5,51.8,46.7
Bolivia,BOL,2012,1.4,51.1,47.5
Bolivia,BOL,2013,1.4,50.4,48.3
Bolivia,BOL,2014,1.3,49.7,49
Bosnia and Herzegovina,BIH,1975,3.3,69.9,26.8
Bosnia and Herzegovina,BIH,1976,3.2,69.6,27.2
Bosnia and Herzegovina,BIH,1977,3.1,69.2,27.7
Bosnia and Herzegovina,BIH,1978,3,68.9,28.1
Bosnia and Herzegovina,BIH,1979,2.9,68.6,28.5
Bosnia and Herzegovina,BIH,1980,2.8,68.3,28.9
Bosnia and Herzegovina,BIH,1981,2.8,68,29.3
Bosnia and Herzegovina,BIH,1982,2.7,67.6,29.7
Bosnia and Herzegovina,BIH,1983,2.6,67.3,30.1
Bosnia and Herzegovina,BIH,1984,2.6,67,30.5
Bosnia and Herzegovina,BIH,1985,2.5,66.7,30.8
Bosnia and Herzegovina,BIH,1986,2.4,66.3,31.2
Bosnia and Herzegovina,BIH,1987,2.4,66,31.6
Bosnia and Herzegovina,BIH,1988,2.3,65.7,32
Bosnia and Herzegovina,BIH,1989,2.3,65.4,32.3
Bosnia and Herzegovina,BIH,1990,2.2,65.1,32.7
Bosnia and Herzegovina,BIH,1991,2.2,64.7,33.1
Bosnia and Herzegovina,BIH,1992,2.1,64.4,33.5
Bosnia and Herzegovina,BIH,1993,2,64,34
Bosnia and Herzegovina,BIH,1994,2,63.4,34.6
Bosnia and Herzegovina,BIH,1995,1.9,62.7,35.4
Bosnia and Herzegovina,BIH,1996,1.8,61.5,36.6
Bosnia and Herzegovina,BIH,1997,1.7,60.2,38.1
Bosnia and Herzegovina,BIH,1998,1.6,58.9,39.5
Bosnia and Herzegovina,BIH,1999,1.5,57.5,40.9
Bosnia and Herzegovina,BIH,2000,1.5,56.3,42.3
Bosnia and Herzegovina,BIH,2001,1.4,55.1,43.6
Bosnia and Herzegovina,BIH,2002,1.3,54,44.7
Bosnia and Herzegovina,BIH,2003,1.2,53,45.8
Bosnia and Herzegovina,BIH,2004,1.2,52,46.8
Bosnia and Herzegovina,BIH,2005,1.1,51.2,47.7
Bosnia and Herzegovina,BIH,2006,1,50.4,48.6
Bosnia and Herzegovina,BIH,2007,1,49.6,49.5
Bosnia and Herzegovina,BIH,2008,0.9,48.7,50.4
Bosnia and Herzegovina,BIH,2009,0.9,48,51.2
Bosnia and Herzegovina,BIH,2010,0.8,47.2,52
Bosnia and Herzegovina,BIH,2011,0.8,46.5,52.7
Bosnia and Herzegovina,BIH,2012,0.7,45.8,53.5
Bosnia and Herzegovina,BIH,2013,0.7,45.1,54.2
Bosnia and Herzegovina,BIH,2014,0.7,44.4,54.9
Botswana,BWA,1975,20,71,9
Botswana,BWA,1976,19.9,70.9,9.2
Botswana,BWA,1977,19.8,70.7,9.4
Botswana,BWA,1978,19.8,70.6,9.7
Botswana,BWA,1979,19.7,70.4,9.9
Botswana,BWA,1980,19.6,70.3,10.1
Botswana,BWA,1981,19.5,70.1,10.4
Botswana,BWA,1982,19.4,69.9,10.6
Botswana,BWA,1983,19.3,69.7,10.9
Botswana,BWA,1984,19.2,69.5,11.3
Botswana,BWA,1985,19.1,69.2,11.7
Botswana,BWA,1986,19,68.9,12.1
Botswana,BWA,1987,18.9,68.5,12.6
Botswana,BWA,1988,18.7,68.1,13.1
Botswana,BWA,1989,18.5,67.7,13.7
Botswana,BWA,1990,18.3,67.3,14.4
Botswana,BWA,1991,18.1,66.9,15
Botswana,BWA,1992,17.8,66.5,15.7
Botswana,BWA,1993,17.5,66.1,16.4
Botswana,BWA,1994,17.2,65.8,17
Botswana,BWA,1995,17,65.4,17.6
Botswana,BWA,1996,16.7,65.1,18.2
Botswana,BWA,1997,16.4,64.7,18.8
Botswana,BWA,1998,16.2,64.4,19.4
Botswana,BWA,1999,15.9,64.1,19.9
Botswana,BWA,2000,15.7,63.8,20.5
Botswana,BWA,2001,15.5,63.6,21
Botswana,BWA,2002,15.2,63.3,21.5
Botswana,BWA,2003,15,63,22
Botswana,BWA,2004,14.7,62.7,22.6
Botswana,BWA,2005,14.5,62.4,23.1
Botswana,BWA,2006,14.2,62,23.8
Botswana,BWA,2007,13.9,61.6,24.5
Botswana,BWA,2008,13.5,61.1,25.4
Botswana,BWA,2009,13.2,60.7,26.1
Botswana,BWA,2010,12.8,60.2,27
Botswana,BWA,2011,12.5,59.6,27.9
Botswana,BWA,2012,12.1,59.1,28.8
Botswana,BWA,2013,11.7,58.5,29.8
Botswana,BWA,2014,11.4,57.8,30.8
Brazil,BRA,1975,9.3,66.7,24
Brazil,BRA,1976,9,66.2,24.8
Brazil,BRA,1977,8.7,65.7,25.6
Brazil,BRA,1978,8.4,65.2,26.4
Brazil,BRA,1979,8.1,64.6,27.2
Brazil,BRA,1980,7.9,64,28.1
Brazil,BRA,1981,7.6,63.5,28.9
Brazil,BRA,1982,7.3,62.9,29.8
Brazil,BRA,1983,7.1,62.4,30.5
Brazil,BRA,1984,6.9,61.9,31.3
Brazil,BRA,1985,6.7,61.3,32
Brazil,BRA,1986,6.4,60.8,32.8
Brazil,BRA,1987,6.2,60.2,33.6
Brazil,BRA,1988,6,59.6,34.4
Brazil,BRA,1989,5.8,59.1,35.1
Brazil,BRA,1990,5.6,58.5,35.9
Brazil,BRA,1991,5.4,58,36.6
Brazil,BRA,1992,5.2,57.5,37.3
Brazil,BRA,1993,5,56.9,38.1
Brazil,BRA,1994,4.8,56.3,38.8
Brazil,BRA,1995,4.6,55.7,39.6
Brazil,BRA,1996,4.5,55.1,40.4
Brazil,BRA,1997,4.3,54.5,41.2
Brazil,BRA,1998,4.1,53.9,41.9
Brazil,BRA,1999,4,53.3,42.7
Brazil,BRA,2000,3.8,52.7,43.5
Brazil,BRA,2001,3.6,52.1,44.3
Brazil,BRA,2002,3.5,51.4,45.1
Brazil,BRA,2003,3.3,50.8,45.9
Brazil,BRA,2004,3.2,50.1,46.7
Brazil,BRA,2005,3.1,49.4,47.5
Brazil,BRA,2006,2.9,48.8,48.3
Brazil,BRA,2007,2.8,48,49.2
Brazil,BRA,2008,2.7,47.3,50
Brazil,BRA,2009,2.6,46.5,50.9
Brazil,BRA,2010,2.5,45.8,51.7
Brazil,BRA,2011,2.4,45,52.6
Brazil,BRA,2012,2.3,44.2,53.5
Brazil,BRA,2013,2.2,43.4,54.4
Brazil,BRA,2014,2.1,42.7,55.2
Brunei,BRN,1975,17,64,19
Brunei,BRN,1976,16.7,63.8,19.5
Brunei,BRN,1977,16.5,63.6,19.9
Brunei,BRN,1978,16.2,63.4,20.4
Brunei,BRN,1979,15.8,63.1,21
Brunei,BRN,1980,15.5,62.9,21.6
Brunei,BRN,1981,15.2,62.7,22
Brunei,BRN,1982,15,62.5,22.5
Brunei,BRN,1983,14.7,62.3,23
Brunei,BRN,1984,14.4,62.1,23.5
Brunei,BRN,1985,14.1,61.8,24.1
Brunei,BRN,1986,13.8,61.6,24.6
Brunei,BRN,1987,13.6,61.3,25.1
Brunei,BRN,1988,13.3,61,25.7
Brunei,BRN,1989,13.1,60.7,26.2
Brunei,BRN,1990,12.8,60.4,26.8
Brunei,BRN,1991,12.6,60,27.4
Brunei,BRN,1992,12.4,59.6,28
Brunei,BRN,1993,12.2,59.2,28.6
Brunei,BRN,1994,12,58.8,29.2
Brunei,BRN,1995,11.8,58.3,30
Brunei,BRN,1996,11.5,57.7,30.8
Brunei,BRN,1997,11.2,57.2,31.6
Brunei,BRN,1998,10.9,56.7,32.4
Brunei,BRN,1999,10.6,56.3,33.2
Brunei,BRN,2000,10.3,55.8,33.9
Brunei,BRN,2001,10,55.3,34.6
Brunei,BRN,2002,9.7,54.8,35.4
Brunei,BRN,2003,9.5,54.3,36.3
Brunei,BRN,2004,9.2,53.8,37.1
Brunei,BRN,2005,8.9,53.2,37.9
Brunei,BRN,2006,8.6,52.7,38.7
Brunei,BRN,2007,8.4,52.1,39.5
Brunei,BRN,2008,8.1,51.6,40.3
Brunei,BRN,2009,7.9,51.1,41
Brunei,BRN,2010,7.7,50.5,41.8
Brunei,BRN,2011,7.5,50,42.5
Brunei,BRN,2012,7.3,49.4,43.3
Brunei,BRN,2013,7.1,48.9,44
Brunei,BRN,2014,6.9,48.3,44.8
Bulgaria,BGR,1975,2,55.9,42.1
Bulgaria,BGR,1976,1.9,55.2,42.9
Bulgaria,BGR,1977,1.8,54.5,43.7
Bulgaria,BGR,1978,1.7,53.8,44.5
Bulgaria,BGR,1979,1.6,53.1,45.3
Bulgaria,BGR,1980,1.6,52.3,46.1
Bulgaria,BGR,1981,1.5,51.6,47
Bulgaria,BGR,1982,1.4,50.8,47.8
Bulgaria,BGR,1983,1.3,50,48.6
Bulgaria,BGR,1984,1.3,49.2,49.5
Bulgaria,BGR,1985,1.2,48.5,50.3
Bulgaria,BGR,1986,1.1,47.7,51.1
Bulgaria,BGR,1987,1.1,46.9,52
Bulgaria,BGR,1988,1,46.2,52.8
Bulgaria,BGR,1989,1,45.4,53.6
Bulgaria,BGR,1990,0.9,44.9,54.2
Bulgaria,BGR,1991,0.9,44.5,54.6
Bulgaria,BGR,1992,0.9,44.2,54.9
Bulgaria,BGR,1993,0.9,44,55.1
Bulgaria,BGR,1994,0.9,43.9,55.3
Bulgaria,BGR,1995,0.8,43.8,55.4
Bulgaria,BGR,1996,0.8,43.8,55.4
Bulgaria,BGR,1997,0.8,43.8,55.4
Bulgaria,BGR,1998,0.8,43.7,55.4
Bulgaria,BGR,1999,0.8,43.6,55.6
Bulgaria,BGR,2000,0.8,43.4,55.8
Bulgaria,BGR,2001,0.8,43,56.2
Bulgaria,BGR,2002,0.8,42.6,56.6
Bulgaria,BGR,2003,0.8,42.2,57.1
Bulgaria,BGR,2004,0.7,41.7,57.6
Bulgaria,BGR,2005,0.7,41.1,58.2
Bulgaria,BGR,2006,0.7,40.5,58.8
Bulgaria,BGR,2007,0.7,39.8,59.5
Bulgaria,BGR,2008,0.6,39.2,60.2
Bulgaria,BGR,2009,0.6,38.6,60.8
Bulgaria,BGR,2010,0.6,38,61.4
Bulgaria,BGR,2011,0.6,37.5,62
Bulgaria,BGR,2012,0.6,36.9,62.5
Bulgaria,BGR,2013,0.5,36.4,63
Bulgaria,BGR,2014,0.5,35.9,63.5
Burkina Faso,BFA,1975,17.6,75.2,7.3
Burkina Faso,BFA,1976,17.5,75.2,7.3
Burkina Faso,BFA,1977,17.5,75.2,7.3
Burkina Faso,BFA,1978,17.4,75.2,7.4
Burkina Faso,BFA,1979,17.3,75.2,7.5
Burkina Faso,BFA,1980,17.3,75.2,7.5
Burkina Faso,BFA,1981,17.2,75.2,7.6
Burkina Faso,BFA,1982,17.1,75.1,7.8
Burkina Faso,BFA,1983,17,75.1,7.9
Burkina Faso,BFA,1984,17,75.1,8
Burkina Faso,BFA,1985,16.9,75,8.1
Burkina Faso,BFA,1986,16.8,74.9,8.3
Burkina Faso,BFA,1987,16.7,74.9,8.4
Burkina Faso,BFA,1988,16.6,74.8,8.6
Burkina Faso,BFA,1989,16.6,74.7,8.7
Burkina Faso,BFA,1990,16.5,74.6,8.9
Burkina Faso,BFA,1991,16.5,74.5,9
Burkina Faso,BFA,1992,16.4,74.3,9.2
Burkina Faso,BFA,1993,16.4,74.2,9.4
Burkina Faso,BFA,1994,16.3,74.1,9.6
Burkina Faso,BFA,1995,16.3,74,9.8
Burkina Faso,BFA,1996,16.2,73.8,10
Burkina Faso,BFA,1997,16.1,73.7,10.3
Burkina Faso,BFA,1998,16,73.5,10.5
Burkina Faso,BFA,1999,15.8,73.4,10.8
Burkina Faso,BFA,2000,15.7,73.2,11.1
Burkina Faso,BFA,2001,15.5,73.1,11.4
Burkina Faso,BFA,2002,15.4,73,11.6
Burkina Faso,BFA,2003,15.2,72.9,11.9
Burkina Faso,BFA,2004,15.1,72.8,12.2
Burkina Faso,BFA,2005,14.9,72.6,12.4
Burkina Faso,BFA,2006,14.8,72.5,12.7
Burkina Faso,BFA,2007,14.7,72.4,13
Burkina Faso,BFA,2008,14.5,72.3,13.2
Burkina Faso,BFA,2009,14.4,72.1,13.5
Burkina Faso,BFA,2010,14.3,72,13.7
Burkina Faso,BFA,2011,14.1,71.8,14
Burkina Faso,BFA,2012,14,71.7,14.4
Burkina Faso,BFA,2013,13.8,71.5,14.7
Burkina Faso,BFA,2014,13.7,71.3,15
Burundi,BDI,1975,20.8,75.3,3.9
Burundi,BDI,1976,20.7,75.3,4
Burundi,BDI,1977,20.6,75.3,4
Burundi,BDI,1978,20.6,75.4,4.1
Burundi,BDI,1979,20.5,75.4,4.1
Burundi,BDI,1980,20.4,75.4,4.2
Burundi,BDI,1981,20.3,75.4,4.3
Burundi,BDI,1982,20.2,75.4,4.4
Burundi,BDI,1983,20.1,75.4,4.5
Burundi,BDI,1984,20,75.4,4.6
Burundi,BDI,1985,19.9,75.4,4.7
Burundi,BDI,1986,19.8,75.4,4.8
Burundi,BDI,1987,19.6,75.4,5
Burundi,BDI,1988,19.5,75.4,5.1
Burundi,BDI,1989,19.4,75.4,5.3
Burundi,BDI,1990,19.3,75.4,5.4
Burundi,BDI,1991,19.1,75.3,5.5
Burundi,BDI,1992,19,75.3,5.6
Burundi,BDI,1993,18.9,75.3,5.7
Burundi,BDI,1994,18.8,75.3,5.8
Burundi,BDI,1995,18.7,75.3,5.9
Burundi,BDI,1996,18.7,75.4,6
Burundi,BDI,1997,18.6,75.4,6
Burundi,BDI,1998,18.5,75.4,6.1
Burundi,BDI,1999,18.4,75.5,6.1
Burundi,BDI,2000,18.2,75.5,6.2
Burundi,BDI,2001,18.1,75.6,6.3
Burundi,BDI,2002,17.9,75.6,6.4
Burundi,BDI,2003,17.8,75.7,6.5
Burundi,BDI,2004,17.6,75.7,6.7
Burundi,BDI,2005,17.4,75.8,6.8
Burundi,BDI,2006,17.2,75.8,6.9
Burundi,BDI,2007,17.1,75.8,7.1
Burundi,BDI,2008,16.9,75.8,7.3
Burundi,BDI,2009,16.7,75.8,7.5
Burundi,BDI,2010,16.6,75.8,7.7
Burundi,BDI,2011,16.4,75.7,7.9
Burundi,BDI,2012,16.3,75.6,8.1
Burundi,BDI,2013,16.1,75.6,8.4
Burundi,BDI,2014,15.9,75.5,8.6
Cabo Verde,,1975,18.3,74.5,7.2
